# seed = -1 ,  method = 3 ,  a = 4.700000e-04 , N =  1000000
# x     time_per_draw (sec)
 0.0000 7.241500e-08
 0.1000 7.548900e-08
 0.2000 7.849900e-08
 0.3000 8.411500e-08
 0.4000 9.340100e-08
 0.5000 1.059930e-07
 0.6000 1.212890e-07
 0.7000 1.359510e-07
 0.8000 1.549660e-07
 0.9000 1.826450e-07
 1.0000 2.210240e-07
 1.1000 2.725260e-07
 1.2000 3.327030e-07
 1.3000 4.101610e-07
 1.4000 5.158050e-07
 1.5000 6.718280e-07
 1.6000 8.930250e-07
 1.7000 1.220518e-06
 1.8000 1.701656e-06
 1.9000 2.441250e-06
 2.0000 3.578743e-06
 2.1000 5.353448e-06
 2.2000 8.164378e-06
 2.3000 1.273389e-05
 2.4000 2.022561e-05
 2.5000 3.294318e-05
 2.6000 5.341956e-05
 2.7000 8.885853e-05
 2.8000 1.478651e-04
 2.9000 2.429360e-04
 3.0000 3.885529e-04
 3.1000 6.083354e-04
 3.2000 2.078933e-06
 3.3000 1.380181e-06
 3.4000 1.195414e-06
 3.5000 1.088612e-06
 3.6000 1.007827e-06
 3.7000 9.348180e-07
 3.8000 8.723970e-07
 3.9000 8.195280e-07
 4.0000 7.783250e-07
 4.1000 7.400180e-07
 4.2000 7.081710e-07
 4.3000 6.841340e-07
 4.4000 6.621960e-07
 4.5000 6.445170e-07
 4.6000 6.293020e-07
 4.7000 6.151320e-07
 4.8000 6.038630e-07
 4.9000 5.936780e-07
 5.0000 5.868380e-07
 5.1000 5.782160e-07
 5.2000 5.724530e-07
 5.3000 5.659120e-07
 5.4000 5.617460e-07
 5.5000 5.583460e-07
 5.6000 5.540850e-07
 5.7000 5.523960e-07
 5.8000 5.492580e-07
 5.9000 5.475240e-07
 6.0000 5.443230e-07
 6.1000 5.446690e-07
 6.2000 5.437820e-07
 6.3000 5.439940e-07
 6.4000 5.420840e-07
 6.5000 5.423860e-07
 6.6000 5.710390e-07
 6.7000 5.474320e-07
 6.8000 5.447340e-07
 6.9000 5.443210e-07
 7.0000 5.462230e-07
 7.1000 5.473470e-07
 7.2000 5.503980e-07
 7.3000 5.478510e-07
 7.4000 5.513760e-07
 7.5000 5.506960e-07
 7.6000 5.528010e-07
 7.7000 5.539620e-07
 7.8000 5.560380e-07
 7.9000 5.684680e-07
 8.0000 5.768220e-07
 8.1000 5.654530e-07
 8.2000 5.734240e-07
 8.3000 5.702480e-07
 8.4000 5.708940e-07
 8.5000 5.703040e-07
 8.6000 5.722620e-07
 8.7000 5.747190e-07
 8.8000 5.770590e-07
 8.9000 5.806080e-07
 9.0000 5.837200e-07
 9.1000 5.868170e-07
 9.2000 5.894090e-07
 9.3000 5.909000e-07
 9.4000 5.929630e-07
 9.5000 5.967950e-07
 9.6000 6.014550e-07
 9.7000 6.026210e-07
 9.8000 6.136170e-07
 9.9000 6.140710e-07
10.0000 6.117140e-07
10.1000 6.141280e-07
10.2000 6.179990e-07
10.3000 6.202510e-07
10.4000 6.242860e-07
10.5000 6.267310e-07
10.6000 6.312760e-07
10.7000 6.388290e-07
10.8000 6.402480e-07
10.9000 6.383920e-07
11.0000 6.427770e-07
11.1000 6.467760e-07
11.2000 6.564580e-07
11.3000 6.517830e-07
11.4000 6.558210e-07
11.5000 6.587980e-07
11.6000 6.621760e-07
11.7000 6.647620e-07
11.8000 6.690300e-07
11.9000 6.727920e-07
12.0000 6.764800e-07
12.1000 6.790450e-07
12.2000 6.820140e-07
12.3000 6.914240e-07
12.4000 6.905120e-07
12.5000 6.932700e-07
12.6000 6.963860e-07
12.7000 7.002630e-07
12.8000 7.043470e-07
12.9000 7.071870e-07
13.0000 7.107750e-07
13.1000 7.140850e-07
13.2000 7.165750e-07
13.3000 7.200120e-07
13.4000 7.237970e-07
13.5000 7.290480e-07
13.6000 7.322030e-07
13.7000 7.366720e-07
13.8000 7.416650e-07
13.9000 7.423190e-07
14.0000 7.478170e-07
14.1000 7.517270e-07
14.2000 7.522720e-07
14.3000 7.556250e-07
14.4000 7.594210e-07
14.5000 7.629340e-07
14.6000 7.676100e-07
14.7000 7.729850e-07
14.8000 7.749990e-07
14.9000 7.793910e-07
15.0000 7.834960e-07
15.1000 7.866050e-07
15.2000 7.885690e-07
15.3000 7.919980e-07
15.4000 7.956810e-07
15.5000 7.980760e-07
15.6000 8.022110e-07
15.7000 8.051060e-07
15.8000 8.093930e-07
15.9000 8.188810e-07
16.0000 8.164540e-07
16.1000 8.218480e-07
16.2000 8.225740e-07
16.3000 8.292720e-07
16.4000 8.299470e-07
16.5000 8.324340e-07
16.6000 8.360350e-07
16.7000 8.388640e-07
16.8000 8.422620e-07
16.9000 8.445930e-07
17.0000 8.487370e-07
17.1000 8.552640e-07
17.2000 8.563530e-07
17.3000 8.611300e-07
17.4000 8.620380e-07
17.5000 8.649390e-07
17.6000 8.682520e-07
17.7000 8.722170e-07
17.8000 8.763440e-07
17.9000 8.785900e-07
18.0000 8.813520e-07
18.1000 8.848790e-07
18.2000 8.883960e-07
18.3000 8.919490e-07
18.4000 8.959760e-07
18.5000 8.978800e-07
18.6000 9.016410e-07
18.7000 9.038830e-07
18.8000 9.065440e-07
18.9000 9.112080e-07
19.0000 1.064689e-06
19.1000 9.166100e-07
19.2000 9.186260e-07
19.3000 9.243020e-07
19.4000 9.263330e-07
19.5000 9.295280e-07
19.6000 9.328520e-07
19.7000 9.347950e-07
19.8000 9.390620e-07
19.9000 9.403240e-07
20.0000 9.449290e-07
20.1000 9.496440e-07
20.2000 9.509440e-07
20.3000 9.541440e-07
20.4000 9.567910e-07
20.5000 9.594460e-07
20.6000 9.626760e-07
20.7000 9.667260e-07
20.8000 9.700250e-07
20.9000 9.748810e-07
