# seed = -1 ,  method = 3 ,  a = 4.700000e-05 , N =  1000000
# x     time_per_draw (sec)
 0.0000 9.198400e-08
 0.1000 7.105900e-08
 0.2000 7.342200e-08
 0.3000 7.890100e-08
 0.4000 8.735600e-08
 0.5000 9.908100e-08
 0.6000 1.128230e-07
 0.7000 1.269310e-07
 0.8000 1.453950e-07
 0.9000 1.711850e-07
 1.0000 2.071030e-07
 1.1000 2.560480e-07
 1.2000 3.107070e-07
 1.3000 3.823220e-07
 1.4000 4.824010e-07
 1.5000 6.259370e-07
 1.6000 8.326550e-07
 1.7000 1.138809e-06
 1.8000 1.598129e-06
 1.9000 2.302606e-06
 2.0000 3.365941e-06
 2.1000 5.035541e-06
 2.2000 7.682264e-06
 2.3000 1.204638e-05
 2.4000 1.927268e-05
 2.5000 3.137230e-05
 2.6000 5.299144e-05
 2.7000 8.848610e-05
 2.8000 1.548568e-04
 2.9000 2.765250e-04
 3.0000 4.941518e-04
 3.1000 8.916991e-04
 3.2000 1.566457e-03
 3.3000 2.772104e-03
 3.4000 4.980751e-03
 3.5000 8.485302e-03
 3.6000 8.090825e-06
 3.7000 2.475210e-06
 3.8000 1.804003e-06
 3.9000 1.507208e-06
 4.0000 1.307701e-06
 4.1000 1.173604e-06
 4.2000 1.058340e-06
 4.3000 9.825820e-07
 4.4000 9.090910e-07
 4.5000 8.723740e-07
 4.6000 8.204240e-07
 4.7000 7.832570e-07
 4.8000 7.667160e-07
 4.9000 7.321010e-07
 5.0000 7.055580e-07
 5.1000 6.964180e-07
 5.2000 6.681350e-07
 5.3000 6.570430e-07
 5.4000 6.478540e-07
 5.5000 6.481770e-07
 5.6000 6.412010e-07
 5.7000 6.322060e-07
 5.8000 6.122270e-07
 5.9000 6.070670e-07
 6.0000 6.022480e-07
 6.1000 5.985670e-07
 6.2000 5.952120e-07
 6.3000 5.921370e-07
 6.4000 5.890650e-07
 6.5000 5.863520e-07
 6.6000 5.851080e-07
 6.7000 5.822710e-07
 6.8000 5.815050e-07
 6.9000 5.818320e-07
 7.0000 5.796830e-07
 7.1000 5.800890e-07
 7.2000 5.800880e-07
 7.3000 5.810220e-07
 7.4000 5.819850e-07
 7.5000 5.877220e-07
 7.6000 5.847180e-07
 7.7000 5.868300e-07
 7.8000 5.953950e-07
 7.9000 6.000100e-07
 8.0000 5.878180e-07
 8.1000 5.866750e-07
 8.2000 5.880310e-07
 8.3000 5.885830e-07
 8.4000 5.968530e-07
 8.5000 5.952170e-07
 8.6000 6.116720e-07
 8.7000 6.031730e-07
 8.8000 6.015300e-07
 8.9000 6.013440e-07
 9.0000 6.085120e-07
 9.1000 6.196160e-07
 9.2000 6.088040e-07
 9.3000 6.112430e-07
 9.4000 6.123920e-07
 9.5000 6.213960e-07
 9.6000 6.175550e-07
 9.7000 6.195860e-07
 9.8000 6.342860e-07
 9.9000 6.278480e-07
10.0000 6.276670e-07
10.1000 6.414500e-07
10.2000 6.379770e-07
10.3000 6.367300e-07
10.4000 6.384590e-07
10.5000 6.447050e-07
10.6000 6.533580e-07
10.7000 6.448860e-07
10.8000 6.562940e-07
10.9000 6.520840e-07
11.0000 6.544780e-07
11.1000 6.628150e-07
11.2000 6.614120e-07
11.3000 6.652700e-07
11.4000 6.665340e-07
11.5000 6.710330e-07
11.6000 6.754960e-07
11.7000 6.882000e-07
11.8000 6.831270e-07
11.9000 6.843540e-07
12.0000 6.865640e-07
12.1000 6.960360e-07
12.2000 7.013760e-07
12.3000 7.157310e-07
12.4000 7.049410e-07
12.5000 7.052880e-07
12.6000 7.080060e-07
12.7000 7.200390e-07
12.8000 7.152290e-07
12.9000 7.244310e-07
13.0000 7.197300e-07
13.1000 7.243280e-07
13.2000 7.309910e-07
13.3000 7.297270e-07
13.4000 7.439320e-07
13.5000 7.522140e-07
13.6000 7.566350e-07
13.7000 7.454100e-07
13.8000 7.469020e-07
13.9000 7.500190e-07
14.0000 7.625830e-07
14.1000 7.678600e-07
14.2000 7.671070e-07
14.3000 7.666570e-07
14.4000 7.682000e-07
14.5000 7.749570e-07
14.6000 7.766510e-07
14.7000 7.796780e-07
14.8000 7.826200e-07
14.9000 7.876140e-07
15.0000 7.975980e-07
15.1000 7.950540e-07
15.2000 7.973970e-07
15.3000 7.993060e-07
15.4000 8.025820e-07
15.5000 8.054640e-07
15.6000 8.099750e-07
15.7000 8.159370e-07
15.8000 8.151510e-07
15.9000 8.191940e-07
16.0000 8.216590e-07
16.1000 8.354810e-07
16.2000 8.390400e-07
16.3000 8.448220e-07
16.4000 8.502860e-07
16.5000 8.524570e-07
16.6000 8.617760e-07
16.7000 8.518460e-07
16.8000 8.518660e-07
16.9000 8.607160e-07
17.0000 8.572380e-07
17.1000 8.585640e-07
17.2000 8.776070e-07
17.3000 8.719330e-07
17.4000 8.714480e-07
17.5000 8.747450e-07
17.6000 8.808690e-07
17.7000 8.802170e-07
17.8000 8.876510e-07
17.9000 8.890100e-07
18.0000 8.903440e-07
18.1000 8.913400e-07
18.2000 8.960900e-07
18.3000 8.957180e-07
18.4000 9.000410e-07
18.5000 9.039230e-07
18.6000 9.116260e-07
18.7000 9.225040e-07
18.8000 9.404890e-07
18.9000 9.370350e-07
19.0000 9.422040e-07
19.1000 9.450780e-07
19.2000 9.395560e-07
19.3000 9.449060e-07
19.4000 9.408850e-07
19.5000 9.436710e-07
19.6000 9.432400e-07
19.7000 9.453150e-07
19.8000 9.412860e-07
19.9000 9.468750e-07
20.0000 9.598650e-07
20.1000 9.594970e-07
20.2000 9.588810e-07
20.3000 9.674590e-07
20.4000 9.713490e-07
20.5000 9.670930e-07
20.6000 9.768020e-07
20.7000 9.737750e-07
20.8000 9.826430e-07
20.9000 9.847910e-07
